image_width: 640
image_height: 480
camera_name: narrow_stereo
camera_matrix:
  rows: 3
  cols: 3
  data: [448.39624,   0.     , 329.26223,
           0.     , 452.52368, 252.75308,
           0.     ,   0.     ,   1.     ]
camera_model: plumb_bob
distortion_coefficients:
  rows: 1
  cols: 5
  data: [0.072905, -0.113034, 0.002802, -0.001799, 0.000000]
rectification_matrix:
  rows: 3
  cols: 3
  data: [1., 0., 0.,
         0., 1., 0.,
         0., 0., 1.]
projection_matrix:
  rows: 3
  cols: 4
  data: [451.44574,   0.     , 327.88579,   0.     ,
           0.     , 457.13321, 253.41537,   0.     ,
           0.     ,   0.     ,   1.     ,   0.     ]
